3,2
3,1
3,3
76,6
76,5
10,107
76,4
76,3
10,166
76,2
76,1
76,0
74,4
74,3
74,2
10,298
74,1
74,0
54,2
54,0
32,3
25,4
10,93
25,3
25,1
11,27
10,121
10,2
10,3
11,26
11,25
11,24
11,23
11,21
11,20
11,19
11,18
11,17
11,15
11,22
11,14
11,13
11,12
11,11
11,10
11,8
11,7
11,6
11,5
11,16
11,4
11,2
11,1
10,306
11,3
9,7
9,6
10,300
8,9
8,2
8,3
10,293
12,2
12,1
12,3
10,290
10,289
10,285
10,283
20,2
20,1
10,281
10,279
10,277
10,274
10,273
10,270
10,268
10,260
10,257
10,256
10,245
10,227
10,220
10,213
20,3
10,203
19,2
19,1
10,200
10,195
19,3
10,185
10,176
10,175
18,1
10,168
10,167
10,165
10,156
10,148
32,1
10,143
10,136
10,131
10,129
10,128
10,127
18,3
10,122
32,4
24,1
10,116
10,106
10,104
10,101
10,90
